0,554
0,553
0,472
0,273
0,270
10,174
10,102
10,106
10,208
10,202
10,216
74,3
10,182
74,2
74,0
10,14
10,2
10,3
11,22
11,4
11,3
73,5
73,4
73,3
73,2
73,1
73,0
70,3
70,2
70,1
9,4
70,0
69,6
9,6
69,5
69,4
69,3
69,2
69,1
8,7
69,0
67,4
67,3
67,2
67,1
67,0
66,4
66,3
66,2
66,1
66,0
62,4
62,3
62,2
62,1
62,0
61,4
61,3
61,2
61,1
8,9
61,0
8,14
8,13
59,5
59,4
59,3
59,2
59,1
59,0
8,16
8,10
56,5
56,4
56,3
56,1
54,3
54,1
52,3
52,1
45,3
45,1
42,3
42,1
12,3
12,2
12,1
11,29
11,28
11,27
11,26
11,25
11,23
11,21
11,20
11,19
11,18
11,17
11,16
11,15
11,14
11,13
11,12
11,11
11,10
11,9
11,7
11,6
11,5
11,2
11,1
10,309
20,2
20,1
20,3
10,283
10,255
10,245
19,2
19,1
